$ANSIBLE_VAULT;1.1;AES256
31326237633166393035613866633262353364323935393661313862306232663166363730303066
3035636535313262396339346662303834646233306139640a336161636165336335346232313032
64636633336236656235663231353932653838366235646463663634303636306131616166666435
3665393830633636390a643564613835376165623965626534343238626563393261383863323461
35313766356130373665663633333763353634633463633135646432613165356663633830636236
64386333373639343138653061323266393732303061653538343235306133313131393066623936
65333933333263383366336161356165346461666532383932646433306664393831313233646131
39633161363131626634313565646264633961323537353762313562656236646565356262643632
34613831643837653462313330616132333062633431366237376666623963323435666435663539
39366666666430346339643562323963666335326262333232326535643839333865306330376363
61623161323166303063353339613961636664316263376335313536353638333737323031613834
61623332366336366263373131353235343364633031623430626565366136363437386331353839
33643337656661326163656364376636663963336662373235316365613764643731323161376536
64306531336338326631613762666362653538653331613136643634336366613838623961613066
35633835333137346266366135336538616436393832326661643730623236666130356435303565
61343462626363313335316262633330643331633738363433373665653132373135303265363365
63383965356331626165376238353233363230303464383338316135303931313166656234643265
62353330323232316630623731353134643332636332353838626462616530303033313736303037
37626537323531326132623663656238336132383965663539636239616661306232333962323037
35386561643938393131393264323136313239313235343461326133376638646563643633326436
34363766633633633465343336303439633661356631386636633233313934343034343862353061
64363032383833363733373935346636646130666331353761336564633634333433313438643139
30393533346237323965316231336538333437313465383462646461666563343933306530663565
62623538343436393336316539376637373933386164316463323465396663336137336466376631
32373765633466353637366562356662333763643339393162653864643836363762326163633063
36616634373136633331323138343337333231346533346263613334626334353733396465633630
63646261613864343233303963613439393633633338366632376566353365346533303164663833
61383036323934343538623533623937343335326161303365626662626532353830316239616232
65623330653366663132653165643530653138346561666436623034346165376139363138383638
34663031643934323030346166383231613164303638643239613433376136306462653861616237
34636464663530346163376433316536333135386161306433383263373661303336666431356166
35633162383332393437366266333935336364343930303163303236613135623435633533613165
62613034613832333938396562616163323765343736623661623132346439656265643634656366
32383637373136656665663730653433383932313662613331643331616537383765356433653665
34663533346439303166366335353833616265633237303765333234653638393631383637363765
62663665396232653166313733666637323966393634366565393636646466376231663961613539
61386235633062343338663264323536393739333465373438373334343762643233646433386639
64386638643932633464323632636539396531663564663430343937383236643935393761386232
38343834313439636631383832313934363465396636623234663564373836366235383162353336
30363137623039623962643832323462633364633039376462333734313836346430663763353736
35366634646662666138356462373139666463626636646665356436393538393937373862323165
62336238663862343463366438656434343161333037643561343332393236633034333461653532
63363934616539323239353464373030376231376565326561366436663338323532323930626538
62643234326139336163383466336335363162353961633935336133643165326566323836343332
63353764383936383030356535613133623062346263353039393962376163663539373234663862
61343430303637623530663335643938383835353038366339633463313536323836613764333062
64613330363865316534333037383637636338373262623037323534633563353932633733303261
33333661346137313565346163336635336136333237353062356233343834363231613430363332
36626335646164373030343465323966376133613637343030396338623065396265376331396337
35306164363161313031356637396135393563643166633630353735356537626132353030343335
31666238623334396262656232343461633733323765326133393934353362393134383462363138
31373330646133373730383137373336383265383066316232653830336331326437633232313536
32633238316461653864323335393661373066383330613537653633326264306134653166663065
35633038653237396166313231353031636264646536386166636331633232323839643139333065
33653330656432396132666431626365363031393365336530373431373665646536613966323636
62336233393165626633356331373332623662366261303765666530313263343136663134613564
30313235633430656534346136303732376533313731333030653563316164383762663336316563
66376431653861306631666536316632386433623566346235393666396639656466333236366430
39353665303232623461633162333735653066616334313565336338333965376564636161316161
32666537376537653634346336346562646337353165313764386131376539393435656261313331
66383166366161626464656439663436393265336366393161643064396532383361373336623763
31396234396630643433366238396633613134633937343666313036656262306339376166343935
37386263663064333032373764353866653036316335376132623233383166383233393262656666
64666662323937653261613231353636343266373732326262303263343334373436356664623132
39396631396532633832313934386561363038323665313363646361663135326236353861653831
66393534613332353636616137656638343937306434343232383334356335346137663964306332
32393035396634636437663738333063386264333163323235323063336263623266326131343664
36636561393463373765346262623135616631656161386537396333313563393962386461393233
34616338323461376330326133613864363433376664383936303438316336343235363861353463
30343363303131383665386438376137376635346465333537336365396661646661343566663737
39316462313230356534346461653639383131303538353434313738393664613035653737336430
62393630306665333436323238386563643233306563653066316233323633653635343536653763
66396636653231656432613635623865616138303932393038383434396531663336323435643238
38303861356532303764393363633139663237373534613737313137656164636461303465343835
35386263613430386335353231366633616635343437356263326130646663633430366637653362
30663863613537613237366532383534303633303466383236366565626531623461383164313037
38623236353432323131396462306133353631366337313139356130613537643661326565373138
32393131663330623961653861313734346663633335613466363834363539383961373934326637
65393765646335396630343833363231306462366665306335386561356330353864393032333365
33323031303339313163303763363866386631643630616336363836306638633433366161313338
36636334373666326433333436393934613737316465356662303262343861373339616332653233
30396633366461643730643262313665373536396136633134616333663434656536353732393361
34363938626137386636323865346338323738316462663437383762393361633836393663616166
64663734396538643664616334313838666464653333653665613139313437343931613731633564
61363066656138633736313133643134366664386138373366356538353964653634653162313439
32356363663064306461613035613737653265333738306133323332643161303034663961303663
62663936343562656262626334313233313862633863303961343230396635636332623332333365
35616163666331323836623362343235613932316434373631326563353037643938663235396238
64366233373938643266653236366663366330303033346437656530626234383531666464663939
38373035376636316265616636303538393437373261656331366138343762313231363136363061
39646531366666313734343830633265663735303037363466363031313563353636623362343137
64623138326331383134313436363331623565616133343838336465633635323136393835366264
66363965316166353062373336643335623663626565353237396266333464663532393964633036
38396462353262613661343466336139323939353062386633393331633239623537323563623233
30623132393539313063386463653130626238386364613732316566383864376532366233363636
35666638663566623636303939666333643964623164633561323731643463663839616231356535
61366138613264623466613337633263303135366339376339353535646538313338633931366331
31633266636332303265633230383538653963613562636431376239353237393065616533653032
36643531396164376634656437346135393662653939363863323566333330383663333230623263
64623966633132316464346663356163303539646333343462313034646138383930313936303365
39623935323566303261303231303630613636386363636532656630656562303435616330356333
66646162366664333538353135663734636631653735363338633832643765383932396636323830
38616137636163323665666263306436663034396466346662303064353739326665393738316364
37313034643461613536613331343133613335393337303535613536343134636537386138303964
35313738343730386630383436396635353133313732313231323763616365366361393037653437
66653135656463363265333734326561323031373163343737656131303637326561633161353763
37353434636138373731343636343866393339613034313231353262343637396162383331343438
39663136393539386130376636363439616431663863636165343665353632323663313630663938
62383366373833623732353536363339316538386561333562313438633837663564666133346432
66623962336434346133626232396632383662393261333838376634393532643431343766393465
63313365383763613635646233313137656635356237333833666666323739633930653331373736
63653336346666313063333365383666336530333562386236623535306665336136333937323536
62326439626366653732323538393063323764353865323934323730663466316534386536343862
39663432393365313938303463646239303162643263656162326638633461346136326663373961
30316636343433333264643631613436386165633535356139376363386662373338356430636133
61323337386636373534363062626539663763313032353536336562646364336562323730353432
66626535326630333239663965636331633730636636306532633461663238346230366438313862
34343037393434623733323038316136633335393366343461373933363635343837383831636532
38356435346131633663616637353438393365396234663339333066653163366263643235396130
64363930346639323236663834613531333264356464653064643966383733616139393833616137
32633362616463323065393039393434643962626561306234623730663365376539363163313762
64306361373136396161313134633439653861336332643266393164623730386534663137313632
65313239333765306639346466383537353366646435636532326635346235666665623265616563
63363436633435366330623063383364393130383161353439636662363337326333623562363739
32323739303830383337333965343861383637306238646538393761376361316262326631376534
64613531336239323934343431386136623563333761623336636338643534623436666435626363
33303863666364616563323466316232633961376564616337346365643533383039616538383732
66643865633532353962663739326439366436383166373838366130333238616636343831613565
63346232383166626232386536373934386130336538396434633738316433363538613234616133
37663134323135323132343431636666353935613732373065666266626231383764383861316664
35396235653736323532616438396466383561316363333061303364333232386664363430346635
39643438303031353463313530383338666633326262363530643766623361323165343631643234
33323763366165396165326638646335626634326162636265666462356637363032633237323065
61356336653263613461373030376466336631373462313939376461303061303738313261393566
65366536613137303139663834613732666262656566333565336235363162343734376536356138
37323930663730353162386439623165393365306561646333323465383930653265376533383661
36343931383966333834613631303936373932376363373036316466663561313362656130323439
38663662616466626531333432346333656136363430336465643263363438323861376239383062
63656664356135656662396663313038323931386133313261656134306638303833376533323864
30616365326233316432623831343132376462666233383137633430333839366231663233663835
39323235346466373961333933393638393566333635653734313162353463623033333962626566
39393932643539303266663033623964313936306461383863306162306631366231356231653238
64616535623937393634366439376439653464663031376438653763373834616136303736343364
30646637356232336133623865393731616234316162626562613364326133303838616337336163
63613838373239626465633163623462363563396639646166326533376661313266663632326161
38353336343238643732396131643061366636363932616639343766666466396139666165363039
66613537636436363763346364616233373637373563386639356264363638646337396337613531
33653866393134643464343462323130323033323732393831396438643435613766323535396538
63663731666466383464323033636562396437373031303235343037363963666565653566646464
63633139393966646434653631363533393130626233353034663464313535313066303738323762
38643466646161316365633063323037346437653065616337646266366162396234373461363735
61626531623738663133636534616165623566326638393730316461326562353337663330613061
61383834336333353931636339313334646363356338663234393839373238623364363539643534
33333531663135373037323965343061643932306230656135316133343031353038633130613865
38343431383530653131343937636137333536663462353135653032353231343362306232306131
38336639373735303433663234653238666432376366323039636637356535396536303031333130
36303132656138326565393933653132616465316439623334663838393066306163303638353537
64313637636336623634313230333866613161333130613163343634663363363439343135663233
65613062616632376133323635626138326431653631346566353464393236386130353463613733
66393739663438353433626666363432646430313663363737316666663530633732326536646232
63393465633162366136373031323461396462636566373836373937393264663465653739336331
38316432346261626138623461656366353632336637653561316431366165613536343936323632
35666133353632376432333664313039373761323338373636313165376664626637366232666162
65343434663939323134663030383065393034393139363561363130326636333164656238343636
64323937626637333432323464333537656565343562346262313739626336613634363563346132
62383232353633303866333833333935653063306666326637396266393133626664613636323033
33396162373538346332323838626561363666626265343665333364306336313638366633663138
30386532396463353335643832383661366335313766613834663731373534383539323361393962
39393137383134656139373834306263336134333665313138653133666230373339383839363665
32343539633834626263333763373861333537343831356663663934313733326431373330646165
36353930366533353766346135346535303262373137613662383064663062636239396432373761
36303463383231613538333739613033373036316431643562323761303433386236643932373934
33363563376239616130663437626138363766633938336334356331643766323434303639373434
3439376432353739353133666133376538653736373761636239
